이영희 컴퓨터공학과 80 90 95 88.33333 B김철수 기계공학과 85 70 75 76.66667 C홍길동 전자공학과 95 95 80 90.0 A손오공 전자공학과 90 80 80 83.33333 B박민수 컴퓨터공학과 70 80 90 80.0 B최철민 기계공학과 80 90 85 85.0 B김민지 자율전공학부 82 75 80 79.0 C최종수 건축학과 83 92 84 86.33333 B이형만 화학공학과 93 74 83 83.33333 B김민준 컴퓨터공학과 87 92 78 85.66667 B이서연 경영학과 75 81 69 75.0 C박지후 화학공학과 66 73 58 65.66667 D최서윤 수학과 93 89 95 92.33333 A정하윤 물리학과 82 77 88 82.33333 B한지민 심리학과 71 85 79 78.33333 C오유진 컴퓨터공학과 90 91 86 89.0 B강현우 기계공학과 65 70 72 69.0 D송지아 경영학과 88 79 84 83.66667 B문지후 통계학과 79 68 73 73.33333 C이도윤 전자공학과 81 84 77 80.66667 B박하진 건축학과 73 66 60 66.33333 D서지우 컴퓨터공학과 95 90 98 94.33333 A조예린 생명과학과 69 74 71 71.33333 C배지후 경영학과 80 78 85 81.0 B임서윤 물리학과 74 69 70 71.0 C신준호 기계공학과 92 87 89 89.33333 B권예서 화학공학과 77 82 76 78.33333 C홍지민 수학과 68 71 66 68.33333 D장하은 심리학과 83 80 79 80.66667 B


 A: 3명
B: 14명
C: 8명
D: 4명
F: 0명
